35
0 4
62436 45410 85336 77895 
1 10
1143 58385 48013 71704 60337 66257 13602 5001 63095 45850 
2 30
64189 94927 4797 3694 20070 63065 75008 20417 92753 47713 9816 59076 37448 7988 33458 29076 81648 28336 73076 990 31577 15378 61729 15822 46105 21110 80121 22850 40238 25309 
3 21
67039 22295 83466 64064 33499 42482 73624 12255 63385 18435 39245 15350 67221 56139 2648 59104 2044 39075 71136 88781 70555 
4 22
52417 80154 76242 35998 50430 18401 67829 52890 77231 34007 22428 44122 16396 19310 29237 19523 49423 33914 54836 9401 51579 82609 
5 32
4634 70753 24126 82927 33950 69618 38368 42379 74167 2166 79058 46037 81438 1120 22609 54185 28813 63095 3926 61703 52430 38932 21122 24642 45137 42866 20225 89316 98808 99557 24862 41704 
6 40
24126 95034 28836 93535 81266 49681 17640 48690 83437 73366 96889 81718 13812 39140 8373 55803 6421 69337 71983 46842 54573 8325 75999 16766 35638 31191 40293 33175 48630 15694 13965 25506 81004 21747 68744 10992 84715 81603 22797 14824 
7 43
84630 35358 49231 51537 86538 96980 44113 53235 70880 73471 7276 7992 36173 95150 99321 50642 68369 32755 28078 4625 31097 26746 18730 38237 72984 41620 43898 97823 47706 89820 80522 82338 93536 4698 71728 88170 819 43103 47904 92753 26369 49559 92566 
8 51
23365 40291 97756 72310 93738 44122 49220 5027 1787 21782 58664 59667 73624 7322 71153 62642 58019 43069 39637 86334 58523 68797 22723 68538 67613 80050 24633 88746 64729 64080 26499 89652 58783 49387 54685 46597 75778 80837 80723 89369 51734 36146 22115 59347 96495 28736 53792 94549 63095 39466 96119 
9 55
34007 20547 16908 54739 5702 64720 94359 75525 87693 97043 19615 63129 27951 26493 21884 94373 72772 89933 49918 70758 27652 37591 94579 87781 85995 75633 14719 87391 98835 57306 22072 33749 34593 35210 67454 34328 48946 85627 77799 72000 39295 56859 77792 43622 71596 80867 26265 2951 29982 57664 55213 774 48135 79768 79091 
10 126
20330 92159 86880 30056 25871 8567 29734 54301 55333 31350 14521 55627 87535 1791 26319 65059 31669 1120 18732 82013 44113 54338 90346 58594 576 8427 22871 18027 37929 91913 88451 79570 84675 75381 10798 9087 32917 36905 58766 10167 85242 46601 5693 38382 20166 57229 57983 53096 4383 11761 30612 2479 36277 84971 48460 36789 32740 36057 69427 78926 51570 92120 79211 77675 7318 93641 68089 7708 68921 30366 13134 17396 89175 2386 95880 295 6023 3972 89993 52874 71064 35421 43635 24098 32461 39219 84298 96046 44245 76430 62351 30956 5323 3185 24603 94059 46187 84146 25116 95392 21686 88118 2863 46376 15159 17038 6276 999 25194 47643 50437 67746 95851 44835 57206 87711 95868 97309 35616 16674 11783 32641 36391 90343 96873 27121 
11 68
16831 32804 84939 94188 16787 7852 2457 88079 23275 88974 68595 44736 38805 7829 92479 65742 71473 49634 80182 19005 71891 11099 10652 11409 84251 10716 65332 16053 23086 99778 19205 98677 72077 80745 13738 22517 2885 1793 84441 33175 7343 90967 90753 94886 64320 18005 6041 66959 22172 32842 71649 15532 84035 44629 36676 57652 93146 45623 30080 48079 45564 52205 5381 8405 89340 92112 42214 60192 
12 77
10368 29237 12647 78719 6677 35323 59751 6032 81461 69259 94665 84538 27526 68392 38627 49468 82594 90346 98231 41231 24226 69403 55238 91438 76967 91667 27824 27699 2797 68736 76008 92235 4567 79455 59197 4059 15694 60388 83841 1400 73408 55531 63251 72475 48988 10053 28600 49696 26562 92561 26407 74517 41970 17505 30268 21089 23182 42154 75669 49147 57586 53 18915 43257 82603 99599 80052 60611 68806 95809 18702 15733 64181 50948 75221 69103 86664 
13 2
27540 35977 
14 170
23642 47720 54206 52826 79283 23181 3345 18857 24992 32069 3824 27666 81281 19350 28856 62190 44845 16653 71786 98960 94927 74696 75711 42093 15218 89277 32675 74436 21066 33180 46011 7494 63256 23758 85613 26865 37925 60798 58813 5651 70776 94933 58369 99615 22361 39924 11247 13485 6240 21463 3891 28950 39252 41030 75829 16565 35945 62061 44337 19024 30811 20885 55056 80029 81800 65273 80916 29672 23420 95669 88311 40373 34359 45568 71690 82049 93295 47240 76907 40600 97696 46122 93818 10910 46386 81179 99127 48561 81309 30268 932 17850 22506 52481 35530 76761 14042 3835 59455 32304 75138 52279 77617 48451 37960 47280 89729 23509 83139 79542 65751 50361 80442 63614 88282 87911 15272 8803 35580 9503 84768 83176 54502 31864 25528 43951 33758 48767 99318 80876 94230 80634 47721 44056 55073 97407 41859 26848 98437 42261 51240 79299 41422 13809 69482 94868 34264 97535 91814 91467 29009 77389 92468 34542 46454 31626 67345 1987 21286 84742 41834 12848 55190 57606 44028 97135 14664 58331 28025 23976 
15 52
60303 70169 18515 74080 38930 87654 64708 21254 80815 62347 90172 41329 2377 4021 95922 52785 93042 13566 23511 53039 37098 26991 26406 12479 17290 60533 26268 75048 14554 5588 62894 44833 98349 96024 17303 71984 65137 57642 23109 76142 89491 79324 66024 21800 72094 9016 73713 72969 10501 99087 94771 11840 
16 98
5382 25040 85771 94884 91779 918 74928 40070 30381 77383 1084 92754 32072 11971 78008 36606 31177 21816 94648 13630 66490 23086 99778 43962 29129 20217 76218 90880 88226 25859 97809 84274 73169 76488 72380 99308 93685 7992 34320 3502 32554 50761 70569 55856 90753 3610 88809 20449 90725 86847 821 55875 95582 85780 80551 73996 54700 27143 37738 44993 4099 24811 68141 75218 31001 31042 41307 99873 57733 44663 1537 14823 74240 51583 45693 46752 72427 37410 93553 76713 40967 45590 5077 72682 96003 58870 13002 81638 74136 26156 75734 13816 32285 98910 86868 80277 50870 80356 
17 208
97204 99491 40628 66474 49423 99972 54346 6462 33511 73846 87073 66108 2110 91946 68736 38879 37637 16466 83220 23586 95571 11596 13409 34249 69785 64638 86571 42214 68406 33046 602 58179 55693 8434 90822 60643 43222 13041 16313 40780 45690 98775 87428 200 73534 28225 21272 38975 79528 82622 8856 34900 12761 32380 69430 62907 24725 88110 98799 21641 32998 9494 61109 80808 7099 76206 64259 37819 20101 18883 58810 41960 54453 30193 30762 43542 97155 85888 86323 21772 95172 42473 51414 23106 69707 40977 45815 69844 45392 18025 35595 68226 43839 84011 21039 40771 24675 82436 78488 13807 80649 59233 13287 79238 9113 72401 95859 65942 20392 53958 89776 66431 4490 62295 36109 44267 48275 25367 29925 69965 1075 4974 17536 63434 48175 60650 73268 45030 66025 65911 1375 19144 42969 7985 26097 88033 12725 66744 1676 48497 2883 51895 92422 46116 90720 74398 23708 39537 87792 35503 74835 61820 71088 72047 35411 81854 37279 48214 1640 18906 92816 73706 89017 28770 24612 63255 19125 77078 41308 64630 21007 96489 18524 49851 45257 86766 64074 93184 78454 24724 51340 90044 13368 68150 7356 53715 94971 78810 84283 57031 93812 28504 78596 31964 79981 99689 838 95623 42387 59288 41957 23031 14500 63271 44202 58614 51143 69295 
18 228
9926 17217 94521 47653 55367 28176 86040 8859 40270 82885 80763 24651 57361 78713 61492 5770 8059 50407 89851 658 93398 12893 57756 36102 70596 29362 87013 38544 69011 40871 73824 44662 85811 9658 9347 66414 23420 68664 73905 45887 76033 95788 38135 2302 56362 18055 12564 27707 77529 88846 34443 60643 26323 55591 55372 75875 81660 93987 87185 97271 18257 36022 4121 12079 21127 69242 95254 87001 15763 9063 47721 34415 7386 43966 52222 13466 47626 84571 56179 94857 72797 99039 83966 29113 70485 31165 50126 73935 86279 10791 94650 20465 57474 3977 75148 4901 40942 94241 8169 32463 10774 41023 94775 88777 64859 35212 92580 58089 48867 98376 92052 83669 16975 93791 42993 81547 10619 37962 93428 67386 3322 64212 67439 73191 92918 11364 41815 14660 77692 94239 11404 46063 54784 26225 24514 3499 61192 45206 21312 75277 76327 23208 85247 90165 3895 74596 27732 23676 84823 65421 27639 46503 84011 2089 12516 63764 69171 15202 32702 63304 43401 90604 56082 95419 4284 16557 80455 45342 15104 40425 88057 90365 21349 19431 54433 48418 71056 43994 96793 17462 69748 92503 49846 11122 71946 57864 47104 10395 47697 89685 71205 54469 47406 6762 95800 37535 79108 42396 72418 89899 25482 36403 92016 22000 73268 45096 93362 33141 82652 76964 13297 58172 15015 40549 44126 50977 95510 87242 57008 78218 10540 99743 11980 94420 78684 37514 75451 25502 
19 121
29707 16465 23252 90863 68672 59208 50575 89472 76393 52808 73177 76231 80709 89112 32678 18208 51789 11992 27045 46457 49777 98067 71473 57149 36769 38169 3765 25777 26691 39876 80365 16334 29053 36736 66337 11369 56474 60919 26036 81012 70776 5433 4666 58952 83489 43762 70764 22197 87654 89627 99771 88145 55614 15758 99751 73535 34295 54730 41495 7712 65403 39254 11972 51023 89849 19676 58305 11710 67287 49941 23948 13530 65361 73409 39187 26662 25821 9541 14448 14373 67085 75199 10740 23069 53864 30904 47584 55010 17647 93987 83792 20669 44663 67725 50725 19488 5919 33965 44784 74038 95771 61567 95122 54083 16584 52629 35758 69719 19727 13735 66110 80074 41557 18631 59205 15286 65050 90345 95823 82630 76802 
20 124
66877 19299 91352 71747 54206 92692 43967 34446 55435 20624 83501 66415 9645 39858 47423 32321 85948 70603 59226 29609 28188 33193 2368 99801 44546 28760 76851 32891 86029 93700 34680 49387 13505 14422 24716 99648 44147 5340 4725 9980 74009 7890 63348 38298 28715 89277 8227 3510 24056 91245 62464 57772 82371 87823 19947 49280 6275 17991 29192 90560 80352 32258 29089 29306 11575 51284 67200 52655 32605 6041 10443 86702 1590 95669 1822 67348 75805 99016 74336 82816 86554 309 98153 51740 15157 93361 87896 4091 26652 31648 34913 80444 23982 74010 72024 80044 68803 22168 33207 23182 55783 98642 13212 62825 17078 45073 16429 39331 38188 31975 76629 77738 99726 20602 94547 76203 47688 14440 30959 162 98948 78501 79871 22538 
21 252
52028 29237 63175 50318 88195 2720 34691 17509 58873 50874 16433 99172 58756 4219 65166 49258 43613 23655 12429 91218 69572 72370 20655 70413 33763 14935 80169 56823 22090 82196 23802 49949 70596 50707 23396 1169 14131 55196 1710 186 39536 29736 78193 69555 37073 45708 52400 46939 1183 10676 39702 28083 45357 90995 72964 71908 26496 922 33928 61937 99041 43956 8366 91234 69042 6435 22216 1493 10604 71292 64870 11258 84746 53154 65920 94741 83318 99931 23715 76677 6698 84424 40727 56856 76219 68189 69684 47930 99496 65448 21223 61863 81906 98571 70508 77537 67994 70052 50062 63615 85588 47350 39911 3216 15577 54054 3790 71416 13390 98020 28965 45592 59436 41346 52283 41394 82199 52511 20207 354 99579 42732 77201 83485 6054 15883 84149 8447 93343 19718 19 36135 46466 14859 46596 84416 51031 68390 67299 54718 48205 54897 3217 37978 768 5469 89170 38972 23600 17236 63111 22307 82144 6899 6203 77979 47635 17715 92168 8992 34129 54158 23740 77397 27488 94387 96616 72989 15604 7756 41809 32550 53606 16936 28540 27948 8747 97822 97146 94069 13215 83968 59108 62839 86147 42165 8512 62329 73802 8612 50735 1547 87056 51118 10263 74254 13053 68929 17059 71370 56816 77126 48743 63938 48360 43296 90824 11505 29198 4919 20251 13171 79002 30487 29573 79214 95937 4224 23441 7060 52100 36098 77218 30863 84685 26741 61360 80829 85694 6231 37688 26729 76769 60909 18545 27027 18330 97084 99249 76428 36415 64101 77613 58086 69990 51209 90960 3044 50460 58211 47558 63371 
22 136
77440 68282 94220 360 81887 417 34768 6444 29437 71669 62645 57460 35956 12070 15757 80423 46489 27877 17046 41473 78334 63202 57818 45860 95816 86057 79848 35156 29839 33502 48236 1169 77573 73075 21519 47448 13841 877 95999 55801 74666 42587 13093 82806 71199 34117 25553 86714 66547 45766 90606 58856 34501 79598 521 33590 89869 71122 17884 82904 51498 58689 71166 72503 13342 70312 9421 98091 53649 62209 44207 21534 30753 30102 99402 2843 56504 62067 45557 20168 26994 49877 79700 34708 35299 71506 82650 10696 26838 7275 17484 82853 25263 74946 89546 17045 13763 37055 2317 16079 70628 370 87279 58063 329 26285 77139 54062 15651 5704 13565 28287 11794 2744 20250 59198 53624 19692 41008 88849 76332 60921 15640 7825 4246 41181 85195 94890 93111 67095 52102 43655 63038 69492 61032 22160 
23 137
73733 22638 91408 24449 11940 73140 70279 91030 79929 60326 18328 42435 2763 70639 49981 54301 45567 47282 19071 27299 53473 45596 95864 38372 70588 16613 84897 83499 36882 89930 6152 94242 35541 60341 43206 40422 65142 85218 48535 3550 47975 71145 96718 78006 55699 70710 69 78971 83149 4185 40508 19143 73905 21754 13918 14848 83380 65873 41484 69006 55142 51297 97883 7694 85780 55129 33826 11731 22117 5501 14469 69451 29381 25821 53512 306 87280 49586 4412 48355 27085 51786 50639 59603 287 49070 64256 93011 41269 87167 828 48313 43499 76826 99506 59870 19667 55815 67980 59733 35958 43460 77133 3073 2633 55613 73841 39629 84307 47466 3586 95868 91467 70698 84742 85142 53643 94553 52401 91801 40942 88110 63986 59882 58043 40859 92597 54998 72455 53801 69641 85130 8798 22293 68453 24395 59599 
24 294
10438 12732 71594 88361 74914 78311 68378 93540 71939 19209 19943 79618 43220 85961 36766 82062 18131 24400 42333 61251 53746 68699 85196 94128 3417 19517 5520 50425 19917 90780 75711 87837 53962 80884 81195 12241 56449 80061 77713 96610 45214 71689 54573 87823 19077 49982 70230 33697 31121 34050 16484 92104 99185 38794 26899 76150 86235 87435 79455 44116 63612 56800 73677 68383 25755 88298 28331 35369 30296 45933 44961 29470 41316 27477 28971 24087 69019 74056 68744 87050 54491 53984 7760 38421 2415 74403 61997 25048 91120 34659 54462 77008 37104 3369 52964 86407 19793 93204 90350 309 35930 5381 12039 66792 95509 3694 74872 33953 73409 91223 34763 42693 30450 41204 9935 58569 73230 53496 36138 8366 82747 12907 34533 53219 79792 22216 88733 63428 83963 89471 41805 39585 39591 49 48531 46462 64018 86787 65225 30426 88282 22387 74106 46264 9565 31827 71717 60489 46227 99496 1898 9259 49410 61760 91921 87749 65966 83810 27049 70672 23375 49409 80269 33072 3113 76913 34253 58711 67974 50101 79433 93518 75962 5467 11800 56601 28218 3410 57612 11579 61671 64216 24468 67476 67345 69353 92910 40575 83738 74067 71485 44989 60696 1904 94365 44512 76560 28727 92522 79450 16332 41466 67969 45938 25197 82830 47251 81721 5824 11396 8541 33664 85634 8913 38261 82389 92926 5459 37408 33315 51563 35002 68859 1959 26975 52769 1994 35684 31907 33337 66153 17210 96882 51846 24215 36853 97645 99505 21972 19169 5139 56958 40776 4299 45951 97442 12863 94195 55 89341 14742 61403 70864 77760 4312 30928 2821 17977 52820 59034 43455 53524 77092 57054 59344 97600 18226 42311 52703 96128 33479 82340 51748 21772 42828 31003 5618 66589 45283 5486 90183 61391 93265 36586 80094 90473 53413 66987 52861 68284 11379 35720 48374 87655 
25 154
16831 165 69852 69441 13184 87812 24838 86255 15685 87721 75229 44098 32321 35229 59337 52600 75111 935 18131 82403 4334 99488 35774 22203 57626 5316 92529 77930 76989 71498 88496 40422 88209 15300 4060 21495 76302 96560 23386 4538 58765 11610 57756 655 65468 22099 38552 90776 66044 14133 13890 76014 62650 83780 5415 13879 67552 96551 8523 49135 77209 48346 17615 5757 68540 73834 62275 66521 79675 9699 88747 48953 24786 91917 53496 42154 81521 17078 57517 24538 4602 3638 56117 14883 51163 3494 92680 49617 2233 99873 22912 98126 6573 90112 90202 38359 4315 8222 21992 47487 92453 67910 22455 11686 8402 49410 218 73873 17038 67734 11545 43358 2105 59807 11644 95152 822 18950 76608 88916 19883 97635 35872 62357 64449 65565 70657 67121 53684 55676 32756 30999 97012 58331 30958 48037 25752 59797 33243 9719 2236 87334 32086 30878 2507 7241 54702 40761 33113 42806 6815 55072 98869 40481 
26 163
9403 27258 17768 95408 34727 10391 93913 4541 86148 10827 50128 98231 74190 56977 99778 19358 22285 65221 65573 8830 13965 71536 4082 93743 48654 67545 11455 88391 77675 63094 25553 58595 78527 85368 44325 14525 5172 8634 34478 34132 61911 76826 81514 24637 53761 12485 72578 49615 24285 12001 45478 29340 56153 85259 49487 90911 22371 82703 10013 27409 73476 29373 43337 43573 15023 83185 65706 81498 51775 35115 32925 54188 329 64261 22262 76399 59171 61391 45098 89905 11831 11352 38090 47293 67917 50299 46762 62072 5360 54467 1696 70620 32822 61062 54833 1876 46503 17227 76843 48027 95311 71534 94802 33889 42462 43637 90284 22395 69624 29014 74714 53214 61080 20 13623 75077 25617 84825 48231 83873 87496 2310 48061 79207 85260 81915 15374 30689 27167 72167 93392 3047 92495 74718 8451 37320 61631 68020 38378 92288 59505 48796 83948 85482 53060 22935 56430 53410 8260 66438 52538 18737 7839 89751 98346 96622 56609 54294 87997 53124 97005 14738 43472 
27 328
33129 70891 49274 34007 44122 40628 42488 81064 30041 44499 44513 13216 95481 68772 61210 68636 99898 49806 99182 15968 55238 80169 73606 33220 89139 3746 5651 28120 14257 39386 21995 80607 41675 68573 75866 20729 42309 96537 1176 91961 1392 7283 68733 51093 69526 21091 50588 42075 76141 55834 71199 48079 31740 20137 87012 90147 70204 78436 21634 70039 71634 72700 84285 89337 8941 27896 46147 39331 52162 59037 97644 86422 4193 77378 61436 20142 50900 10815 44256 15275 6556 52619 64910 98723 89381 83798 23471 68106 18505 98370 83888 37160 13467 12091 71219 33812 28690 11644 83048 64631 87711 48403 92227 19533 75981 88908 52648 776 62227 72091 59761 53914 98205 70285 3621 41023 35985 55952 57566 4123 54093 30479 50795 2698 50853 9444 7200 86943 37148 60194 11601 76280 77855 33805 98908 45610 54030 71449 71599 28511 88038 90383 61488 4417 86971 72195 34214 65677 93619 41306 39742 91082 32221 87437 82545 86807 43783 75257 28287 6899 6110 14527 17715 11626 15097 14991 76004 2667 81238 96048 54591 38818 27555 17722 17780 41375 27164 10507 8991 72334 20965 32041 97817 29867 78461 77028 86786 87631 13492 38530 83101 59826 67592 3036 33211 43703 88154 64030 67492 78055 35236 1317 16224 47310 32119 66648 55102 49693 52016 27190 81847 66109 95659 6878 71722 1291 59858 57639 67840 20955 34966 52098 55242 69329 24287 23694 50932 68424 26179 82426 43944 3098 30254 40785 37604 64446 11489 84183 8686 30407 28624 75768 85391 54610 26447 93163 57758 66081 73080 7413 30897 48122 75826 78359 1847 13117 71348 69499 79621 2555 95971 72956 56051 25784 46406 93025 52041 79344 78421 50655 76199 11725 91640 61839 43089 3553 72289 30119 7419 13614 81473 77404 86648 48497 22386 7975 57382 58829 31782 43105 97949 64352 18486 26154 10265 46876 46834 75384 33138 24996 76651 24926 76478 82030 6427 80795 3898 96887 7165 19887 52651 57116 66789 75807 18349 47708 71938 85244 85520 82268 67554 67526 36513 63147 14915 14700 29327 58487 
28 346
77382 23642 62436 10394 91283 50430 38362 52890 46499 79003 57209 54198 34914 53900 14071 49551 31644 83107 60281 31263 40763 58184 27534 9123 43069 25945 28760 12414 58494 56715 5150 31720 32395 51521 67615 33166 6304 1699 49045 75419 92609 80379 38657 4366 46798 23864 39590 58957 72577 17594 56670 94399 16285 49116 86928 4996 17265 8299 6375 89501 78667 3253 71334 89141 54890 60760 40903 69173 23276 82336 33175 27663 47859 51284 77232 50693 15542 8894 74866 69324 19332 94687 10443 50769 81672 83008 20067 68853 21948 50588 13093 41054 27078 51774 88215 70632 16366 16770 73529 32568 80945 8660 92409 14359 36099 35848 56634 58710 59073 42693 67132 53938 33928 96444 39588 39223 29225 95732 6003 30860 84953 67961 46505 56607 84080 5243 87187 17244 94717 16018 14883 59934 66702 75218 96143 6242 75005 64553 11271 19540 15492 11335 30264 91391 56302 71751 92226 38361 23164 53690 7252 99548 73741 83154 39431 52743 35580 28591 40605 71717 77616 57018 34530 8831 54692 65445 73840 98697 34166 25460 81864 47498 6455 74002 36814 94079 4990 87749 3057 23506 2409 18762 40754 95823 65744 31768 28999 39993 2451 11061 92452 99281 95818 7734 97309 7395 9015 54054 94962 35842 9141 59247 67651 82832 61381 86998 80153 41153 56852 19552 61544 23923 87145 32203 40121 44623 67645 69549 69763 11176 65789 43550 18610 80066 21491 87808 57724 87787 57754 80622 64259 46587 60210 85230 78021 59126 38758 26838 28677 58563 29524 14453 85889 41898 95250 61889 11476 63580 31672 61206 58542 32994 41598 49722 78075 50307 34102 73091 26996 37850 87780 77696 9283 67952 54249 86971 32127 98528 31074 48287 58571 86938 96773 77013 28765 35683 22552 6384 50957 9127 51843 38554 53534 39877 73293 63004 38854 91915 23012 47959 62058 76438 99985 36232 9815 69803 21624 30750 6110 46399 72215 2351 17715 59831 89912 75181 91859 24004 75424 76688 13201 49816 19896 8932 55683 66028 94737 71311 70079 33044 64517 29819 62354 98751 18242 84130 23815 34634 60730 66046 94288 93801 37069 68979 72796 48660 54977 89535 54052 59646 57124 21500 9950 21568 18190 7461 
29 176
135 1558 52782 50575 62691 2047 3737 61520 55077 61571 97412 72282 96253 23576 10259 25687 75396 65142 18268 5855 90373 91366 68215 78971 70520 22460 11982 37727 25267 5785 60647 88351 99123 15592 85048 83204 15523 40527 40811 33434 90096 97424 40964 75734 28421 93364 49417 78905 29544 14664 27719 92416 37515 34092 76171 31522 45329 74460 90457 71782 17167 71590 67764 15739 26957 22461 72387 69937 81407 12639 93616 43264 15773 99180 88119 81123 87014 71584 71567 58108 19277 39673 39188 89946 79881 37935 60639 6817 65759 93519 12630 84685 84627 98573 15194 82335 69965 24355 34455 64208 73856 57331 20784 97723 45967 27265 20315 40204 28662 87251 94507 43034 41038 23126 53953 98320 74075 42371 14515 67406 21434 1358 92512 942 39727 57862 13992 3288 22681 72047 93892 66557 99150 35343 48812 32148 37576 743 83894 52778 25429 58525 56963 36777 70797 87125 57623 42204 16073 24262 74512 28137 12989 72555 3660 74059 73027 2132 78456 92870 32663 13508 61588 6489 13529 14268 26905 2264 80907 84125 70509 28171 70135 93115 4515 43368 
30 182
21437 84879 83065 44414 52782 61304 11058 68075 58649 80637 49936 85502 69120 68681 81257 59591 98902 60050 52789 63337 67284 77963 43098 51172 46922 1662 98585 85370 34985 20482 55463 61653 69471 4889 94361 8957 14169 93241 1095 22375 70893 89663 8943 658 94399 62397 67950 48562 31434 97605 24960 36905 20549 50904 70234 91558 39580 34573 20008 7753 97660 59197 91843 81111 77089 7376 50693 30839 9744 18110 1710 37054 57406 82539 65629 70930 20228 27415 60449 49430 74445 54021 95116 28058 69268 86554 17424 51271 81945 40137 84252 66141 37145 87186 72964 97140 73409 74817 34340 35530 82793 41291 40210 40465 17042 86675 12850 28753 82153 81038 31042 10323 80451 79114 84048 1927 3659 92209 63730 41568 6780 3429 59692 8961 89641 55400 29647 83824 7243 86230 93839 55773 65041 57223 36814 91906 75623 27187 57134 79528 59140 2409 98910 51083 23143 98204 94748 88735 47307 76913 64691 92160 10303 58646 97472 34030 71008 54796 68727 34569 69538 19854 58616 85294 96620 97820 24383 75428 48662 67053 14664 2377 12741 5142 83813 80503 69960 1419 27504 58808 17173 57379 
31 285
63397 77231 60450 76002 39269 77824 69835 66966 44094 99194 97463 39668 66133 66865 36995 2072 7206 46196 15108 22150 57461 68293 12027 45582 86881 12333 6819 61433 74050 36762 23624 71698 51582 73230 84387 32304 43305 93383 49970 88733 3389 57844 38881 55534 5300 48871 5077 45720 95392 3073 37972 32645 73290 76474 91039 28241 64162 79949 74420 52436 32030 68992 54174 16616 92055 24381 8104 69703 7410 41167 20213 57379 98548 49181 68559 60550 20828 35723 43896 66307 40671 23038 66236 44810 78075 30112 67412 70837 64861 68764 80747 89412 17427 80432 5115 98359 9712 76004 91671 4092 20378 77822 9216 80979 667 9258 27642 28842 63499 18863 94723 75222 57146 90333 38719 1973 91629 63357 41733 29740 18279 19061 50976 27096 70748 85263 49591 62714 62218 65932 30060 61237 13125 51788 88695 37846 13326 15462 24743 9338 93158 55306 11319 4564 54494 37725 38425 54769 60629 67839 57437 33008 61432 97170 14914 76059 12646 89622 840 30174 65316 14938 84882 21781 45368 91281 9916 24234 29921 53494 77412 83916 11884 35343 83268 72407 67201 93981 62738 23245 58445 54291 98968 96263 12338 61919 96134 1673 61324 37859 11716 42871 14929 76962 98493 67827 23736 96981 29152 98364 19875 81539 96574 16212 8279 75142 50247 66204 9291 18008 51736 93830 99349 14176 20673 71139 26400 4283 61564 88653 98443 95144 78880 2993 16208 94972 34411 12968 48614 72377 30970 56782 90116 35468 93273 28585 23347 15387 24739 36745 59084 97151 20095 2841 12457 17689 75624 45857 32206 98858 4819 64453 70468 35186 4848 59371 58127 79141 33381 25149 86083 64281 41605 98496 72543 92450 6993 30081 78132 53596 16785 12832 65967 22459 64744 64648 81649 5465 13387 3927 45106 66834 99912 23144 83448 
32 118
74837 46499 85411 45394 68538 87868 33421 70861 25900 72452 93255 94847 82110 32000 4383 88542 13236 92984 33623 92549 56719 49115 52761 17741 78556 45812 62099 55932 15813 77228 10661 15095 95726 4046 84623 12063 17676 27826 58108 52102 28157 88279 76586 3613 87268 91126 83645 5119 29198 19600 99014 66250 51795 74624 74031 4125 53449 86275 89805 83426 29124 92837 86473 1485 45291 12820 13621 35495 24996 98532 53781 34240 38853 54297 58363 58462 58596 2893 40315 39543 90386 70910 86271 73981 67801 59518 97200 26396 24130 28638 30094 91206 58181 50311 82664 45865 72183 13769 15943 97894 51669 11614 8249 3392 49772 11771 45088 52418 61108 70913 10024 51941 80139 45276 65141 54186 24047 17047 
33 382
60906 34809 59208 88272 42734 36310 69618 89557 18857 27269 54235 45119 62477 68286 8111 42770 17756 18193 74727 14907 95469 39466 77762 74253 60949 79481 70644 64930 66439 24854 65093 16331 756 39266 4 14344 44537 37637 1047 85155 23396 71374 7753 78159 30409 83487 64275 51121 79784 69840 28488 81419 82049 65094 7086 46213 55129 93361 37582 12889 14701 45721 83277 14056 70043 8770 10604 38731 99796 19816 84563 64095 99587 4994 38361 46193 61436 1537 74106 52405 41507 46518 33564 88752 95099 97919 52962 69180 47057 4002 60842 60459 80921 59098 38975 67974 88916 92832 81808 8951 67345 96677 86687 32160 48693 12987 69779 94191 48393 90248 40299 42452 95691 1419 21526 59242 79690 68841 9985 8541 29355 52338 39734 45915 96513 18676 51829 38586 50597 86995 94318 77855 97731 12405 27584 94834 63132 13268 99774 9031 61347 80759 67596 90205 40408 61471 27536 86887 88888 32454 24606 53509 86012 23012 77257 77056 56909 5618 90171 73375 71921 97640 61212 46263 98391 8776 43150 48933 15972 34634 2557 81993 9723 27583 3261 62374 83011 23090 7071 18700 7218 16233 48476 99543 63852 10778 60027 26392 78175 35166 57751 90724 7516 49799 67757 15657 92195 85129 45094 82649 18869 67583 22194 94744 7182 69475 9570 24455 30981 38878 10764 84574 20955 14397 89106 27785 61523 65825 98200 50978 3220 61946 73395 11403 21349 97775 18116 64756 60925 53725 59865 42661 45142 62426 35285 14000 67065 55860 56507 35254 39007 21577 73543 39693 89824 79203 88525 24334 29076 25277 1828 28239 25482 5123 98398 92249 89146 66422 18183 39036 46085 16100 98897 9205 66408 75175 59470 42020 42774 73556 41178 41082 8608 3997 98450 19696 58013 74447 38895 96142 21075 96360 23233 83685 61484 92666 65605 81964 70385 19893 37700 10692 27374 75724 96903 55427 83631 24441 92475 27073 29199 77074 83587 99428 28528 7527 17033 32198 84140 13886 46840 40556 28089 47402 40492 15527 8072 59681 34287 27183 70439 38945 42239 26553 34138 41707 53253 19530 37500 47935 50881 66835 99223 10836 10803 67611 69898 10950 56142 4918 72038 88482 92238 62407 34980 17729 22655 73325 82863 36893 43053 44405 77820 73468 5248 34726 2789 3074 92278 609 16888 26623 45901 38773 35226 9783 94172 71347 15674 96440 77422 9839 3557 13450 33311 23159 12322 54987 51277 14581 64696 80969 
34 200
55983 9215 44534 83083 16908 74170 40312 35006 14870 91601 69055 80763 52142 15218 45114 11462 73204 19439 88336 74411 50521 69961 57026 68928 26764 67355 25754 65117 24062 76525 60276 71122 11258 4570 89025 88080 64018 80442 27746 46010 29297 40605 71232 91935 95254 3359 56457 5205 73904 41952 44351 37949 33793 62335 19840 95609 36364 41157 93124 35861 67779 29273 5428 94296 95505 81350 31379 62097 90704 80436 22038 66307 19724 72655 49578 48644 96965 51368 90394 36411 29525 1144 61171 1866 99282 34461 18084 70553 45395 58409 55989 37022 18522 62085 71462 41193 90299 63148 24599 92940 58761 57962 11275 47305 42009 63233 82577 88257 43431 23856 28308 48546 30027 70566 38522 7154 99920 9212 27487 64017 32604 29835 75513 18073 56051 27094 14308 80239 16947 46997 85737 51186 97038 49149 31386 53197 51726 30134 6506 91637 9943 74954 43129 27230 87586 52280 38829 54153 31511 95837 29853 56358 90293 30049 45193 8653 65286 38765 56609 78083 62858 75748 24165 79000 54787 28392 90157 68350 31675 82987 4761 22366 74293 92862 81855 716 30503 71886 91633 47175 32849 66047 24055 66160 96024 66511 4024 95748 76572 1377 32126 42857 4586 99481 34100 43844 91304 12487 9468 79127 
